32 5 8
12 1 28 25 26 
30 18 15 2 8 18 14 12 18 26 2 22 24 2 23 8 
0 67 39 47 23 71 80 100 54 53 30 51 10 6 24 96 35 64 70 31 83 85 47 93 54 83 60 48 32 86 55 39 
67 0 62 47 58 94 48 30 87 8 38 82 30 22 87 48 4 13 55 92 59 8 14 18 52 62 72 74 20 39 41 15 
39 62 0 31 41 7 89 31 34 37 30 14 16 62 97 90 79 39 2 60 47 1 29 61 72 40 52 4 35 9 40 99 
47 47 31 0 9 14 13 55 52 79 44 70 12 19 20 42 12 98 26 1 57 6 75 1 13 61 21 96 42 72 57 32 
23 58 41 9 0 75 43 79 6 36 51 1 100 98 72 14 39 42 46 28 54 82 83 79 7 13 8 83 1 28 64 55 
71 94 7 14 75 0 37 35 74 85 65 98 31 44 84 97 75 12 72 74 26 22 89 21 77 90 83 46 80 75 53 24 
80 48 89 13 43 37 0 79 70 15 5 26 75 41 62 53 31 54 82 96 37 44 10 60 34 68 63 31 3 53 32 75 
100 30 31 55 79 35 79 0 28 99 64 82 82 32 56 52 82 43 20 95 30 29 54 53 24 29 48 67 59 6 71 43 
54 87 34 52 6 74 70 28 0 50 97 40 1 58 29 56 15 28 50 57 31 87 94 94 29 50 8 13 16 5 45 97 
53 8 37 79 36 85 15 99 50 0 25 25 39 98 68 13 74 14 34 91 23 85 97 35 24 55 75 6 67 35 31 22 
30 38 30 44 51 65 5 64 97 25 0 36 65 13 9 84 84 25 59 97 14 93 47 25 52 56 52 77 46 30 49 41 
51 82 14 70 1 98 26 82 40 25 36 0 64 22 71 3 60 60 86 60 34 97 40 89 21 7 17 97 99 30 10 16 
10 30 16 12 100 31 75 82 1 39 65 64 0 2 51 29 67 9 21 79 38 93 11 83 1 31 58 7 50 21 36 52 
6 22 62 19 98 44 41 32 58 98 13 22 2 0 34 85 66 10 72 16 42 24 60 42 97 45 28 28 40 33 53 62 
24 87 97 20 72 84 62 56 29 68 9 71 51 34 0 59 53 46 87 46 54 57 52 73 40 81 36 92 11 98 68 3 
96 48 90 42 14 97 53 52 56 13 84 3 29 85 59 0 21 30 92 99 55 24 62 60 39 15 18 29 38 99 5 57 
35 4 79 12 39 75 31 82 15 74 84 60 67 66 53 21 0 96 92 37 84 73 29 15 32 88 85 31 60 57 64 9 
64 13 39 98 42 12 54 43 28 14 25 60 9 10 46 30 96 0 24 91 68 70 50 12 97 3 79 49 64 61 56 83 
70 55 2 26 46 72 82 20 50 34 59 86 21 72 87 92 92 24 0 31 34 35 61 67 100 42 98 53 7 15 4 4 
31 92 60 1 28 74 96 95 57 91 97 60 79 16 46 99 37 91 31 0 18 4 27 98 89 29 9 44 1 63 83 44 
83 59 47 57 54 26 37 30 31 23 14 34 38 42 54 55 84 68 34 18 0 76 80 35 50 29 97 39 31 95 94 72 
85 8 1 6 82 22 44 29 87 85 93 97 93 24 57 24 73 70 35 4 76 0 89 96 10 2 4 63 94 11 71 74 
47 14 29 75 83 89 10 54 94 97 47 40 11 60 52 62 29 50 61 27 80 89 0 100 9 57 61 11 71 85 28 57 
93 18 61 1 79 21 60 53 94 35 25 89 83 42 73 60 15 12 67 98 35 96 100 0 38 51 79 54 91 9 91 12 
54 52 72 13 7 77 34 24 29 24 52 21 1 97 40 39 32 97 100 89 50 10 9 38 0 33 3 15 32 80 67 97 
83 62 40 61 13 90 68 29 50 55 56 7 31 45 81 15 88 3 42 29 29 2 57 51 33 0 13 97 21 4 9 31 
60 72 52 21 8 83 63 48 8 75 52 17 58 28 36 18 85 79 98 9 97 4 61 79 3 13 0 7 34 73 82 56 
48 74 4 96 83 46 31 67 13 6 77 97 7 28 92 29 31 49 53 44 39 63 11 54 15 97 7 0 63 15 86 38 
32 20 35 42 1 80 3 59 16 67 46 99 50 40 11 38 60 64 7 1 31 94 71 91 32 21 34 63 0 45 91 61 
86 39 9 72 28 75 53 6 5 35 30 30 21 33 98 99 57 61 15 63 95 11 85 9 80 4 73 15 45 0 47 37 
55 41 40 57 64 53 32 71 45 31 49 10 36 53 68 5 64 56 4 83 94 71 28 91 67 9 82 86 91 47 0 90 
39 15 99 32 55 24 75 43 97 22 41 16 52 62 3 57 9 83 4 44 72 74 57 12 97 31 56 38 61 37 90 0 
0 0 0 0 0 0 0 0 0 0 0 0 0 0 0 0 0 0 0 0 0 1 0 0 0 0 0 0 0 0 0 0 
0 0 0 0 0 0 0 0 0 0 0 0 0 0 0 0 0 0 0 0 0 0 0 0 0 0 0 0 0 0 0 0 
0 0 0 0 0 0 0 0 0 0 0 0 0 0 0 0 0 0 0 0 0 0 0 0 0 1 0 0 0 0 0 0 
0 0 0 0 0 0 0 0 0 0 0 0 0 0 0 0 0 0 0 0 0 0 0 0 0 0 0 0 0 0 0 0 
0 0 0 0 0 0 0 0 0 0 0 0 0 0 0 0 0 0 0 0 0 0 0 0 0 0 0 0 0 0 0 0 
0 0 0 0 0 0 0 0 0 0 0 0 0 0 0 0 0 0 0 0 0 0 0 0 0 0 0 0 0 0 0 0 
0 0 0 0 0 0 0 0 0 0 0 0 0 0 0 0 0 0 0 0 0 0 0 0 0 0 0 0 0 0 0 0 
0 0 0 0 0 0 0 0 0 0 0 0 0 0 0 0 0 0 0 0 0 0 0 0 0 0 0 0 0 0 0 0 
0 0 0 0 0 0 0 0 0 0 0 0 0 0 0 0 0 0 0 0 0 0 0 0 0 0 0 0 0 0 0 0 
0 0 0 0 0 0 0 0 0 0 0 0 0 0 0 0 0 0 0 0 0 0 0 0 0 0 0 0 0 0 0 0 
0 0 0 0 0 0 0 0 0 0 0 0 0 0 0 0 0 0 0 0 0 0 0 0 0 0 0 0 0 0 0 0 
0 0 0 0 0 0 0 0 0 0 0 0 0 0 0 0 0 0 0 0 0 0 0 0 0 0 0 0 0 0 0 0 
0 0 0 0 0 0 0 0 0 0 0 0 0 0 0 0 0 0 0 0 0 0 0 0 0 0 0 0 0 0 0 0 
0 0 0 0 0 0 0 0 0 0 0 0 0 0 0 0 0 0 0 0 0 0 0 0 0 0 0 0 0 0 0 0 
0 0 0 0 0 0 0 0 0 0 0 0 0 0 0 0 0 0 0 0 0 0 0 0 0 1 0 0 0 0 0 0 
0 0 0 0 0 0 0 0 0 0 0 0 0 0 0 0 0 0 0 0 0 0 0 0 0 0 0 0 0 0 0 0 
0 0 0 0 0 0 0 0 0 0 0 0 0 0 0 0 0 0 0 0 0 0 0 0 0 0 0 0 0 0 0 0 
0 0 0 0 0 0 0 0 0 0 0 0 0 0 0 0 0 0 0 0 0 0 0 0 0 0 0 0 0 0 0 0 
0 0 0 0 0 0 0 0 0 0 0 0 0 0 0 0 0 0 0 0 0 0 0 0 0 0 0 0 0 0 0 0 
0 0 0 0 0 0 0 0 0 0 0 0 0 0 0 0 0 0 0 0 0 0 0 0 0 0 0 0 0 0 0 0 
0 0 0 0 0 0 0 0 0 0 0 0 0 0 0 0 0 0 0 0 0 0 0 0 0 0 0 0 0 0 0 0 
1 0 0 0 0 0 0 0 0 0 0 0 0 0 0 0 0 0 0 0 0 0 0 0 0 0 0 0 0 0 0 0 
0 0 0 0 0 0 0 0 0 0 0 0 0 0 0 0 0 0 0 0 0 0 0 0 0 0 0 0 0 0 0 0 
0 0 0 0 0 0 0 0 0 0 0 0 0 0 0 0 0 0 0 0 0 0 0 0 0 0 0 0 0 0 0 0 
0 0 0 0 0 0 0 0 0 0 0 0 0 0 0 0 0 0 0 0 0 0 0 0 0 0 0 0 0 0 0 0 
0 0 1 0 0 0 0 0 0 0 0 0 0 0 1 0 0 0 0 0 0 0 0 0 0 0 0 0 0 0 0 0 
0 0 0 0 0 0 0 0 0 0 0 0 0 0 0 0 0 0 0 0 0 0 0 0 0 0 0 0 0 0 0 0 
0 0 0 0 0 0 0 0 0 0 0 0 0 0 0 0 0 0 0 0 0 0 0 0 0 0 0 0 0 0 0 0 
0 0 0 0 0 0 0 0 0 0 0 0 0 0 0 0 0 0 0 0 0 0 0 0 0 0 0 0 0 0 0 0 
0 0 0 0 0 0 0 0 0 0 0 0 0 0 0 0 0 0 0 0 0 0 0 0 0 0 0 0 0 0 0 0 
0 0 0 0 0 0 0 0 0 0 0 0 0 0 0 0 0 0 0 0 0 0 0 0 0 0 0 0 0 0 0 0 
0 0 0 0 0 0 0 0 0 0 0 0 0 0 0 0 0 0 0 0 0 0 0 0 0 0 0 0 0 0 0 0 
