125 5 100
95 26 50 11 10 
116 17 108 31 90 18 93 32 42 17 14 17 117 36 68 38 88 25 111 1 72 8 105 39 107 45 48 36 83 2 33 8 18 15 76 40 75 34 4 7 25 18 125 27 39 3 119 2 49 40 56 5 30 24 40 42 31 8 73 43 19 15 67 44 122 36 115 37 82 7 92 45 55 3 99 3 123 14 66 42 37 1 100 23 110 8 74 37 20 48 91 10 32 35 35 48 53 37 34 43 120 26 62 38 36 27 24 28 43 14 8 27 87 25 22 23 27 17 78 40 13 16 98 15 113 46 70 48 7 31 79 15 28 15 80 39 60 15 81 24 23 22 101 45 1 50 6 27 106 25 29 43 21 37 64 6 17 22 97 18 86 7 89 44 3 28 16 30 9 42 2 15 65 15 47 6 5 37 61 23 44 40 104 35 71 30 51 22 59 18 94 15 57 10 77 21 45 42 85 34 
0 979 895 34 894 608 902 122 26 683 85 596 761 448 623 637 148 717 552 535 356 405 96 377 980 476 399 368 488 656 959 388 174 642 39 565 539 315 631 732 710 895 445 709 535 322 197 842 907 371 264 910 492 593 707 266 619 110 128 664 177 766 472 23 224 402 394 498 865 512 585 599 237 677 423 604 760 172 670 264 43 771 585 817 283 666 764 280 188 213 273 246 349 58 126 273 461 945 842 827 78 257 463 611 503 704 491 47 320 806 992 404 615 843 355 430 558 146 838 939 204 999 228 830 498 
979 0 523 191 825 781 284 89 792 714 101 253 430 918 69 975 227 858 955 874 590 262 951 45 158 194 650 424 323 615 809 932 557 265 925 827 881 85 53 881 736 424 503 515 5 818 94 768 38 752 538 528 159 581 836 760 218 264 513 90 474 140 517 225 896 588 105 498 896 994 550 25 258 115 206 895 976 576 88 54 26 531 449 593 980 10 27 880 463 79 540 267 313 446 371 470 750 376 499 119 239 771 566 741 767 120 833 715 905 968 178 908 31 478 730 841 967 515 984 826 928 843 796 197 494 
895 523 0 304 110 561 855 411 149 168 271 169 960 682 36 59 794 831 793 404 160 190 307 92 16 678 954 514 673 63 496 919 953 441 845 272 423 594 589 166 679 43 959 76 666 384 646 39 103 211 476 697 966 385 104 938 728 650 842 924 268 106 262 562 991 38 229 462 172 644 669 584 892 233 48 932 20 276 221 103 431 707 461 796 762 246 786 226 541 89 32 840 325 248 140 829 498 379 351 213 773 795 272 376 916 653 758 453 558 742 354 827 853 144 659 244 599 891 401 876 325 82 744 575 215 
34 191 304 0 373 111 815 783 379 2 486 1 298 703 398 691 981 813 46 332 908 156 570 784 719 791 861 375 526 673 11 788 975 805 256 1000 323 176 218 151 971 905 377 893 418 125 750 661 236 619 459 112 390 964 393 468 176 961 206 165 568 657 234 478 555 85 275 46 615 342 201 938 209 566 769 76 610 44 218 998 830 341 921 912 17 559 540 118 788 736 471 945 572 537 426 171 313 949 65 241 796 596 121 947 309 30 395 149 274 702 856 520 962 993 147 168 235 551 834 852 288 2 680 660 226 
894 825 110 373 0 374 302 499 125 150 727 718 678 290 464 490 859 906 542 412 773 888 898 730 502 894 21 725 200 883 870 865 54 808 249 135 863 298 212 166 389 858 414 127 916 450 40 951 482 58 687 324 691 506 985 17 907 350 420 199 242 379 454 675 170 546 530 315 9 223 72 405 469 423 324 807 314 520 956 855 298 111 245 490 932 293 268 306 303 174 394 742 768 192 97 451 636 44 816 536 123 433 655 738 623 547 545 463 413 909 446 932 249 935 119 552 43 834 561 299 341 617 924 153 541 
608 781 561 111 374 0 220 82 819 588 447 250 122 814 412 21 865 120 32 767 942 676 716 837 926 637 983 935 480 777 969 634 793 680 170 914 417 19 212 253 530 355 779 158 147 200 162 202 207 77 461 643 242 851 232 505 544 354 593 798 522 741 754 900 480 929 313 658 461 545 25 655 230 858 864 825 101 773 175 46 527 986 17 160 589 324 590 938 689 511 743 652 78 561 65 191 917 606 200 419 609 596 320 890 600 52 124 1000 615 415 776 900 795 259 617 740 862 492 611 83 59 684 844 243 780 
902 284 855 815 302 220 0 892 986 528 399 173 240 166 999 505 36 658 299 979 371 125 141 730 305 419 964 451 583 928 789 465 976 183 1000 956 1000 673 785 977 10 666 660 698 91 358 738 275 387 627 171 782 557 632 30 790 350 516 744 20 211 347 782 936 582 444 118 71 758 517 546 181 156 450 209 427 551 652 819 205 89 152 877 619 906 822 516 663 223 180 534 941 565 45 553 455 590 189 873 560 901 568 625 274 923 222 853 847 477 96 796 611 565 222 911 27 785 465 754 746 407 817 646 877 346 
122 89 411 783 499 82 892 0 741 839 556 246 262 673 997 732 678 452 522 751 257 195 988 247 820 951 611 286 944 922 453 559 745 728 794 183 462 914 34 412 294 440 18 795 299 717 614 432 712 639 621 818 854 948 977 638 66 162 40 168 317 940 412 669 892 648 907 394 910 701 739 720 1000 244 228 850 218 907 28 785 789 294 681 466 82 884 248 603 539 870 223 705 494 235 842 745 877 634 607 92 990 637 564 18 970 516 669 245 976 851 942 670 221 897 797 243 904 738 491 128 609 518 625 556 116 
26 792 149 379 125 819 986 741 0 726 981 25 740 209 287 108 41 678 309 234 995 238 876 148 569 680 43 224 957 808 78 191 772 931 737 264 236 531 466 374 534 869 27 347 160 277 272 575 45 431 501 444 571 805 485 131 332 96 936 60 589 501 467 964 152 192 219 443 223 475 277 478 228 531 509 488 704 839 181 936 74 601 746 497 270 420 717 286 907 126 59 336 234 831 76 779 983 45 906 635 326 452 95 592 743 608 684 576 721 622 689 843 7 182 995 642 447 152 422 690 683 480 27 603 117 
683 714 168 2 150 588 528 839 726 0 754 399 36 511 53 468 447 510 523 574 273 762 33 581 213 147 867 398 334 55 856 500 539 784 513 635 884 417 672 662 874 156 632 969 218 905 175 730 406 623 541 728 619 254 454 784 972 77 974 359 739 806 876 37 325 882 465 725 874 310 137 906 825 137 801 784 116 524 968 261 849 819 812 632 754 223 184 820 262 304 467 474 751 620 311 288 627 429 720 833 299 6 134 310 961 342 934 187 996 486 306 729 765 347 544 34 508 261 2 908 116 183 581 723 720 
85 101 271 486 727 447 399 556 981 754 0 809 624 487 23 615 843 222 959 846 308 73 187 70 405 269 37 734 966 270 691 519 860 525 113 620 890 193 5 77 94 204 213 156 684 689 801 30 578 821 830 387 86 329 620 752 468 379 982 381 193 385 632 306 611 336 558 5 934 436 661 424 808 610 399 669 114 894 18 632 487 589 178 365 535 157 800 428 877 826 652 543 72 880 504 595 659 597 104 179 524 998 568 608 110 578 793 674 432 157 794 377 602 624 823 548 181 365 605 1000 455 333 61 952 561 
596 253 169 1 718 250 173 246 25 399 809 0 473 869 837 199 147 914 172 147 87 508 698 636 215 248 11 394 696 925 480 941 251 602 927 168 226 17 743 921 636 568 825 133 41 25 770 944 672 926 316 745 213 788 113 268 774 403 53 534 800 97 755 815 763 570 88 28 464 403 84 228 111 876 922 567 431 620 667 845 269 909 478 239 352 381 198 203 579 375 403 357 680 157 419 877 544 306 258 458 465 956 324 256 628 424 869 682 270 197 426 705 572 570 416 931 249 765 322 566 152 687 109 306 756 
761 430 960 298 678 122 240 262 740 36 624 473 0 26 397 806 729 900 665 635 284 608 931 389 553 596 840 37 264 480 510 114 839 441 85 242 387 679 809 663 883 738 910 165 917 679 684 939 982 593 600 884 204 943 518 606 524 194 659 392 864 592 556 708 459 529 396 159 471 796 716 478 308 126 127 757 420 11 618 664 465 864 682 366 865 545 453 769 166 798 570 302 707 484 511 353 103 902 632 605 282 220 468 592 901 418 898 230 963 943 439 300 876 30 835 745 721 883 475 248 932 633 254 315 539 
448 918 682 703 290 814 166 673 209 511 487 869 26 0 822 868 503 106 703 238 525 448 231 84 398 794 391 689 508 982 808 322 882 692 309 517 750 557 110 641 111 431 857 13 663 611 21 426 755 882 301 926 424 966 596 338 287 771 158 950 487 80 254 810 326 849 490 949 971 52 714 122 917 583 468 638 121 644 450 212 364 233 36 496 444 218 371 398 32 387 447 863 437 494 413 132 920 909 49 980 921 714 743 330 22 961 688 936 538 193 171 660 667 573 980 337 682 119 399 249 961 894 588 387 714 
623 69 36 398 464 412 999 997 287 53 23 837 397 822 0 93 937 516 931 968 882 758 327 1 285 881 106 961 653 844 1 626 392 784 90 712 174 666 16 372 248 5 986 907 834 377 197 120 453 473 528 730 409 168 899 788 271 961 481 466 210 299 85 923 264 83 344 772 430 232 317 670 733 616 844 498 686 63 105 470 748 600 178 116 197 974 127 891 53 864 158 167 587 729 825 466 832 50 99 373 787 244 220 870 518 622 762 736 224 713 31 618 701 892 404 293 143 123 736 126 599 372 997 981 419 
637 975 59 691 490 21 505 732 108 468 615 199 806 868 93 0 655 302 69 530 274 53 359 100 369 156 766 158 489 181 661 393 84 714 433 496 131 583 582 966 218 424 313 631 94 857 504 473 896 39 67 735 940 590 495 50 623 652 600 688 825 932 132 95 302 828 665 903 855 578 536 765 640 231 323 446 607 237 808 114 496 322 975 782 748 635 269 129 985 999 193 497 739 748 598 629 307 978 600 380 534 267 886 640 18 719 588 778 287 877 913 560 557 157 891 415 657 879 623 59 416 403 929 141 481 
148 227 794 981 859 865 36 678 41 447 843 147 729 503 937 655 0 601 116 443 809 239 596 254 608 120 919 851 286 399 217 850 94 567 587 383 561 791 874 344 92 600 279 1000 916 744 747 144 943 922 349 388 418 26 552 675 231 576 344 3 28 902 233 931 682 271 289 229 625 116 385 26 623 948 20 292 39 9 454 651 861 708 7 654 218 293 382 446 243 99 697 969 440 927 113 431 529 901 672 252 516 281 404 646 140 270 365 899 161 324 233 803 971 166 309 503 623 434 288 106 931 854 69 595 820 
717 858 831 813 906 120 658 452 678 510 222 914 900 106 516 302 601 0 309 930 806 729 746 689 422 110 926 342 612 323 815 617 250 857 395 32 782 271 909 64 972 950 512 208 199 262 594 918 763 522 637 993 525 41 802 683 204 653 914 55 532 920 362 271 803 657 53 909 589 952 118 574 655 888 270 211 4 831 711 317 482 14 364 1 935 44 342 465 77 794 578 111 318 611 740 604 590 577 657 855 125 814 253 913 706 257 937 414 391 191 746 814 121 471 917 730 555 155 544 618 488 750 918 283 500 
552 955 793 46 542 32 299 522 309 523 959 172 665 703 931 69 116 309 0 188 134 516 889 910 728 638 304 417 517 361 846 714 409 878 7 471 769 941 903 403 29 991 340 792 823 731 913 360 628 840 665 182 137 977 248 528 551 435 382 752 324 738 604 832 904 93 5 857 510 57 801 336 807 133 551 586 962 952 464 813 376 511 442 584 106 5 120 931 243 443 556 36 418 456 20 666 75 281 209 627 669 675 791 198 400 25 51 86 235 871 484 998 414 246 232 657 48 390 512 526 427 693 472 383 82 
535 874 404 332 412 767 979 751 234 574 846 147 635 238 968 530 443 930 188 0 835 821 69 976 134 770 49 959 258 250 5 188 603 717 961 272 827 115 832 467 372 17 225 699 473 405 348 926 506 370 899 686 122 199 780 737 305 559 879 993 508 872 710 273 524 54 816 487 393 724 202 946 653 453 322 696 534 663 126 58 334 197 864 335 59 647 686 93 730 55 307 875 978 983 777 264 747 868 939 423 326 828 562 752 555 536 801 855 999 357 830 419 794 187 689 730 706 662 414 461 839 993 649 327 634 
356 590 160 908 773 942 371 257 995 273 308 87 284 525 882 274 809 806 134 835 0 508 132 822 568 858 129 900 600 885 403 483 414 172 937 890 255 148 265 848 764 192 74 198 377 870 812 55 342 291 26 85 914 295 244 401 397 615 480 645 799 995 298 687 550 900 129 765 797 100 113 806 942 441 993 718 429 962 140 84 531 271 531 109 84 662 386 622 153 324 434 841 219 127 479 784 550 428 939 521 431 25 23 530 119 371 541 110 138 258 218 485 160 682 643 584 320 581 368 781 978 28 131 880 664 
405 262 190 156 888 676 125 195 238 762 73 508 608 448 758 53 239 729 516 821 508 0 33 569 919 563 43 636 835 447 330 773 924 133 495 84 604 413 390 599 501 192 517 814 774 602 294 567 966 661 73 73 951 53 809 623 537 241 800 62 659 398 194 196 516 985 651 285 191 75 833 956 907 31 217 810 518 282 64 630 319 64 842 359 82 363 368 236 808 805 527 96 795 483 644 870 494 853 694 121 898 97 548 628 917 781 539 325 924 87 861 922 885 422 106 246 267 826 511 892 798 69 301 73 86 
96 951 307 570 898 716 141 988 876 33 187 698 931 231 327 359 596 746 889 69 132 33 0 235 355 943 816 980 784 816 604 864 981 85 815 137 181 755 299 469 740 130 348 149 470 382 357 221 361 911 44 538 665 170 810 420 725 116 517 25 458 979 800 942 569 625 356 561 267 31 673 269 410 456 317 97 733 47 118 704 356 701 478 904 404 557 804 933 15 963 797 632 472 82 617 723 354 406 254 329 721 980 395 596 25 542 743 642 651 588 870 30 737 3 924 735 441 331 575 518 326 938 601 319 796 
377 45 92 784 730 837 730 247 148 581 70 636 389 84 1 100 254 689 910 976 822 569 235 0 204 920 838 596 72 864 141 331 656 455 403 595 992 589 857 904 430 962 902 983 342 324 903 45 641 440 377 592 772 502 521 298 399 660 456 176 622 817 496 44 113 310 37 855 236 195 846 644 756 703 438 694 56 12 656 814 181 408 406 836 369 758 50 821 837 302 844 73 850 634 184 733 364 622 719 463 47 921 530 482 56 827 507 170 971 77 762 618 734 919 886 802 673 891 773 684 920 352 765 686 561 
980 158 16 719 502 926 305 820 569 213 405 215 553 398 285 369 608 422 728 134 568 919 355 204 0 540 459 255 773 342 62 912 413 539 242 288 601 199 672 878 562 243 775 751 217 671 716 525 675 127 299 651 811 720 628 131 539 121 980 371 418 989 614 543 129 565 595 944 740 601 736 438 546 500 816 979 954 289 153 188 857 840 473 399 979 605 554 459 100 959 583 969 462 147 461 402 231 413 804 505 270 652 557 893 599 942 490 261 130 141 739 459 225 520 238 298 336 331 649 157 631 717 793 950 763 
476 194 678 791 894 637 419 951 680 147 269 248 596 794 881 156 120 110 638 770 858 563 943 920 540 0 151 179 553 109 616 864 299 248 241 788 501 30 174 75 281 323 553 267 855 457 697 597 807 676 528 635 729 605 705 429 115 182 629 694 504 306 681 285 546 340 155 125 160 514 461 426 86 602 26 439 953 78 782 84 271 372 93 784 264 8 782 885 373 993 362 500 83 256 440 840 692 108 57 881 660 929 271 188 763 238 23 991 334 36 542 772 780 232 465 273 663 603 648 931 46 72 26 653 799 
399 650 954 861 21 983 964 611 43 867 37 11 840 391 106 766 919 926 304 49 129 43 816 838 459 151 0 458 305 324 734 613 490 81 565 655 895 607 94 115 480 943 541 162 891 534 894 895 479 765 851 686 606 258 261 428 952 682 164 900 761 247 313 843 196 668 507 84 711 570 679 831 361 694 317 196 756 335 991 482 279 440 893 114 213 922 22 868 785 738 96 778 217 891 300 913 870 706 706 620 358 732 804 117 175 667 438 42 400 630 901 978 831 165 557 696 608 495 850 867 320 354 795 28 819 
368 424 514 375 725 935 451 286 224 398 734 394 37 689 961 158 851 342 417 959 900 636 980 596 255 179 458 0 319 587 5 332 224 176 826 450 948 611 489 503 571 94 499 995 350 718 119 163 921 350 810 541 520 453 537 677 653 582 639 205 219 32 989 240 988 571 286 927 994 163 696 669 167 673 734 12 240 259 865 933 177 975 847 627 984 19 337 337 187 941 792 714 728 117 671 909 833 674 918 439 628 591 965 526 408 354 709 56 329 662 379 592 758 140 11 219 432 516 331 179 219 909 520 726 548 
488 323 673 526 200 480 583 944 957 334 966 696 264 508 653 489 286 612 517 258 600 835 784 72 773 553 305 319 0 872 96 293 765 512 183 411 117 123 692 333 314 817 74 38 394 279 599 699 491 898 307 251 849 838 40 905 288 197 61 81 355 874 390 696 986 189 823 369 761 726 118 170 319 896 5 59 788 708 441 266 669 52 336 516 659 730 965 758 232 194 97 749 284 502 187 529 216 988 859 873 128 899 364 58 389 603 803 886 996 38 1 126 610 542 388 316 49 960 849 50 615 987 530 211 144 
656 615 63 673 883 777 928 922 808 55 270 925 480 982 844 181 399 323 361 250 885 447 816 864 342 109 324 587 872 0 884 913 425 329 334 839 87 393 665 77 80 753 939 300 572 985 674 38 248 571 888 748 550 989 129 199 978 286 368 848 762 748 133 686 843 921 107 100 61 108 817 658 575 791 379 399 640 787 133 586 285 639 461 557 527 119 888 354 313 833 120 217 313 163 490 201 665 116 684 152 873 888 250 111 676 206 838 620 320 819 395 593 72 575 97 111 624 38 687 425 29 319 133 793 987 
959 809 496 11 870 969 789 453 78 856 691 480 510 808 1 661 217 815 846 5 403 330 604 141 62 616 734 5 96 884 0 839 10 31 144 895 871 841 303 396 889 145 631 665 541 643 434 427 232 557 407 299 368 99 617 310 412 91 486 497 699 696 773 540 432 328 792 360 893 972 550 26 865 838 35 28 259 438 753 500 303 290 566 223 778 941 68 476 706 468 326 806 841 548 369 405 654 709 827 150 24 287 993 55 975 765 715 624 740 989 642 313 174 209 92 167 811 592 901 704 443 666 790 22 87 
388 932 919 788 865 634 465 559 191 500 519 941 114 322 626 393 850 617 714 188 483 773 864 331 912 864 613 332 293 913 839 0 282 392 605 981 507 612 671 242 361 206 86 323 438 870 994 102 904 914 569 526 359 469 525 576 832 527 807 788 980 491 564 622 349 217 116 482 209 714 578 163 320 954 367 306 179 160 746 514 533 758 894 365 585 629 305 998 245 44 789 59 923 966 734 979 995 215 891 488 325 552 299 878 38 627 701 957 841 131 988 674 595 863 229 175 230 111 156 799 223 652 963 579 183 
174 557 953 975 54 793 976 745 772 539 860 251 839 882 392 84 94 250 409 603 414 924 981 656 413 299 490 224 765 425 10 282 0 133 990 135 344 790 551 339 125 824 678 939 579 478 829 344 201 907 1000 747 529 620 231 377 446 164 643 522 949 932 20 324 301 148 332 133 723 916 612 77 556 168 660 933 454 644 207 385 584 735 513 215 985 447 559 524 665 959 586 671 114 69 798 488 843 911 977 666 120 542 606 573 70 936 705 44 123 108 768 566 944 228 586 252 895 264 963 221 574 392 821 342 435 
642 265 441 805 808 680 183 728 931 784 525 602 441 692 784 714 567 857 878 717 172 133 85 455 539 248 81 176 512 329 31 392 133 0 268 755 199 108 144 837 327 166 553 435 931 761 188 24 996 610 844 112 12 766 1 634 341 807 692 941 953 866 730 186 435 842 91 511 290 250 962 209 673 61 234 652 710 905 692 756 345 686 311 846 493 642 3 164 964 11 286 797 889 533 582 435 823 181 900 153 357 580 823 485 70 210 134 888 888 797 833 774 485 432 333 830 771 620 996 854 408 826 403 779 713 
39 925 845 256 249 170 1000 794 737 513 113 927 85 309 90 433 587 395 7 961 937 495 815 403 242 241 565 826 183 334 144 605 990 268 0 644 921 405 401 448 596 99 266 61 114 643 188 333 482 136 65 247 586 676 928 934 740 414 924 468 702 157 416 217 672 91 708 492 499 576 249 639 976 514 850 991 434 668 712 349 122 383 815 668 252 480 811 155 70 277 121 597 422 542 167 609 584 13 256 136 112 753 593 22 56 173 480 478 339 911 280 971 471 460 175 861 878 289 282 233 229 858 54 549 57 
565 827 272 1000 135 914 956 183 264 635 620 168 242 517 712 496 383 32 471 272 890 84 137 595 288 788 655 450 411 839 895 981 135 755 644 0 787 540 894 659 162 827 661 872 904 387 85 652 183 595 349 745 555 329 108 486 901 112 851 30 624 438 144 714 445 690 427 672 718 192 396 568 105 78 959 303 736 435 259 512 691 616 747 917 959 38 978 958 945 285 696 58 961 563 602 901 133 17 205 433 535 395 50 732 310 926 254 676 114 487 17 722 94 194 64 320 894 232 562 499 808 885 798 341 929 
539 881 423 323 863 417 1000 462 236 884 890 226 387 750 174 131 561 782 769 827 255 604 181 992 601 501 895 948 117 87 871 507 344 199 921 787 0 112 986 932 43 650 752 536 860 193 235 423 29 204 179 115 331 625 10 197 801 328 175 45 848 783 418 81 239 746 160 170 845 602 837 580 45 521 573 974 901 621 241 758 908 771 53 951 240 129 826 702 560 567 811 368 864 232 376 962 437 552 966 392 21 421 975 497 676 616 700 8 912 932 984 99 99 672 601 698 782 703 618 5 825 124 771 180 701 
315 85 594 176 298 19 673 914 531 417 193 17 679 557 666 583 791 271 941 115 148 413 755 589 199 30 607 611 123 393 841 612 790 108 405 540 112 0 707 182 675 157 873 700 823 530 942 623 460 248 333 521 399 603 989 408 446 531 274 305 354 753 768 941 518 926 203 586 901 584 17 480 132 830 935 615 259 365 818 616 361 1 328 636 748 144 631 341 25 800 632 6 621 296 958 925 931 113 947 104 988 685 111 429 82 808 814 8 788 774 659 528 202 889 94 395 593 168 876 151 44 703 234 515 828 
631 53 589 218 212 212 785 34 466 672 5 743 809 110 16 582 874 909 903 832 265 390 299 857 672 174 94 489 692 665 303 671 551 144 401 894 986 707 0 667 837 232 44 350 130 979 700 796 589 778 569 663 73 411 966 305 144 156 401 780 814 117 323 753 9 429 466 853 713 308 323 824 953 147 708 59 498 317 57 125 777 972 433 408 953 704 498 599 108 944 369 352 499 535 291 607 131 503 673 366 984 595 46 925 422 324 540 470 803 441 873 323 113 261 970 707 510 87 767 527 998 839 514 155 454 
732 881 166 151 166 253 977 412 374 662 77 921 663 641 372 966 344 64 403 467 848 599 469 904 878 75 115 503 333 77 396 242 339 837 448 659 932 182 667 0 658 816 365 271 592 811 853 103 648 38 687 946 172 40 349 780 327 96 269 171 919 237 444 294 597 302 105 133 243 413 427 984 65 218 108 636 774 690 807 327 748 77 42 400 356 770 422 717 674 761 175 653 305 599 498 868 291 513 846 749 601 334 755 534 807 438 715 609 388 35 624 377 493 907 83 50 771 180 667 946 490 21 387 797 945 
710 736 679 971 389 530 10 294 534 874 94 636 883 111 248 218 92 972 29 372 764 501 740 430 562 281 480 571 314 80 889 361 125 327 596 162 43 675 837 658 0 23 568 455 61 962 115 380 952 660 816 178 491 602 812 328 228 128 599 911 32 623 694 47 870 730 296 612 399 827 289 755 481 610 931 949 550 696 457 564 356 17 219 4 717 538 95 13 69 886 628 40 106 928 363 216 56 116 748 254 24 724 535 932 185 709 788 521 897 690 448 494 466 714 300 593 300 429 751 199 949 129 152 716 440 
895 424 43 905 858 355 666 440 869 156 204 568 738 431 5 424 600 950 991 17 192 192 130 962 243 323 943 94 817 753 145 206 824 166 99 827 650 157 232 816 23 0 162 957 214 231 399 550 401 707 489 924 477 463 539 326 273 799 306 581 365 505 170 628 692 16 807 385 201 976 980 575 484 684 563 335 528 940 769 849 561 424 341 973 765 951 816 312 649 781 880 35 121 153 758 830 552 794 903 446 665 446 956 608 685 698 698 220 831 325 680 555 210 767 377 935 233 383 629 289 310 94 864 271 729 
445 503 959 377 414 779 660 18 27 632 213 825 910 857 986 313 279 512 340 225 74 517 348 902 775 553 541 499 74 939 631 86 678 553 266 661 752 873 44 365 568 162 0 518 495 514 212 243 132 775 101 891 378 862 392 856 910 190 207 556 558 803 300 34 102 953 971 775 54 199 847 724 704 646 418 323 115 764 43 721 917 804 40 873 999 506 912 77 638 289 787 931 220 989 82 408 458 851 888 555 324 422 644 476 976 187 933 62 553 75 236 459 306 560 308 754 691 219 111 662 580 551 191 324 82 
709 515 76 893 127 158 698 795 347 969 156 133 165 13 907 631 1000 208 792 699 198 814 149 983 751 267 162 995 38 300 665 323 939 435 61 872 536 700 350 271 455 957 518 0 298 847 582 795 725 980 76 1 461 856 79 468 291 989 808 35 463 852 842 251 634 878 200 417 612 209 908 843 189 240 683 797 929 961 92 789 19 615 35 951 433 986 660 608 986 179 233 121 635 276 349 575 317 953 896 218 563 561 926 395 193 460 413 920 280 850 599 786 957 354 666 463 548 82 518 861 341 322 366 783 437 
535 5 666 418 916 147 91 299 160 218 684 41 917 663 834 94 916 199 823 473 377 774 470 342 217 855 891 350 394 572 541 438 579 931 114 904 860 823 130 592 61 214 495 298 0 482 328 273 867 482 593 799 632 954 296 905 596 378 262 142 772 364 159 857 705 285 906 383 806 278 920 476 256 990 365 531 775 691 415 345 831 265 622 60 469 44 765 374 410 549 62 390 54 93 168 859 670 750 226 508 875 966 795 795 778 565 810 599 804 558 351 55 808 589 412 923 338 116 823 238 443 247 377 370 874 
322 818 384 125 450 200 358 717 277 905 689 25 679 611 377 857 744 262 731 405 870 602 382 324 671 457 534 718 279 985 643 870 478 761 643 387 193 530 979 811 962 231 514 847 482 0 800 765 312 139 1 678 905 38 369 557 228 935 530 477 417 594 86 914 767 848 20 666 99 425 651 831 699 694 755 58 116 451 137 461 180 529 450 16 949 701 751 263 169 281 50 891 678 671 20 431 335 812 815 193 119 556 962 842 435 33 690 25 391 123 207 942 368 250 259 455 7 629 925 285 90 980 228 17 459 
197 94 646 750 40 162 738 614 272 175 801 770 684 21 197 504 747 594 913 348 812 294 357 903 716 697 894 119 599 674 434 994 829 188 188 85 235 942 700 853 115 399 212 582 328 800 0 279 287 542 584 302 166 654 644 532 267 343 791 537 542 107 99 31 289 293 271 77 113 840 220 72 478 309 175 391 652 311 215 924 982 168 629 332 395 793 393 405 519 232 429 958 617 712 848 633 955 827 357 264 689 758 623 781 800 902 24 856 626 883 734 25 826 989 488 371 351 754 255 721 388 113 272 624 67 
842 768 39 661 951 202 275 432 575 730 30 944 939 426 120 473 144 918 360 926 55 567 221 45 525 597 895 163 699 38 427 102 344 24 333 652 423 623 796 103 380 550 243 795 273 765 279 0 882 314 290 334 984 999 470 940 629 444 978 637 652 331 527 508 994 369 368 906 346 704 507 219 82 48 10 634 611 889 881 539 408 534 826 756 671 170 744 751 965 538 819 59 330 122 180 698 607 657 715 147 500 945 224 669 426 604 437 157 258 896 154 478 371 972 804 126 385 616 167 495 129 997 82 33 337 
907 38 103 236 482 207 387 712 45 406 578 672 982 755 453 896 943 763 628 506 342 966 361 641 675 807 479 921 491 248 232 904 201 996 482 183 29 460 589 648 952 401 132 725 867 312 287 882 0 762 87 330 216 973 224 592 920 834 941 802 465 672 26 233 343 472 541 445 743 138 623 497 30 606 180 357 993 618 42 890 827 839 981 359 389 463 212 44 945 121 503 645 838 396 408 966 320 767 525 128 129 590 406 51 584 524 697 19 420 856 700 51 773 316 390 454 332 802 591 124 911 337 308 325 180 
371 752 211 619 58 77 627 639 431 623 821 926 593 882 473 39 922 522 840 370 291 661 911 440 127 676 765 350 898 571 557 914 907 610 136 595 204 248 778 38 660 707 775 980 482 139 542 314 762 0 452 786 93 138 858 421 676 954 143 755 805 156 104 176 879 989 279 118 146 800 622 125 174 34 224 662 728 554 545 823 106 365 801 511 737 964 855 158 571 946 193 992 715 824 208 320 708 700 564 399 324 472 830 175 235 49 68 416 710 990 527 36 548 283 619 160 965 215 512 150 382 922 358 729 576 
264 538 476 459 687 461 171 621 501 541 830 316 600 301 528 67 349 637 665 899 26 73 44 377 299 528 851 810 307 888 407 569 1000 844 65 349 179 333 569 687 816 489 101 76 593 1 584 290 87 452 0 939 470 287 80 85 875 216 197 16 487 437 948 508 42 792 89 65 256 808 122 597 199 584 795 963 117 212 13 324 599 585 699 498 159 630 789 403 346 825 656 557 297 367 777 162 53 235 817 902 213 250 654 500 927 46 21 292 649 729 760 593 586 708 15 796 777 871 760 911 507 93 516 685 279 
910 528 697 112 324 643 782 818 444 728 387 745 884 926 730 735 388 993 182 686 85 73 538 592 651 635 686 541 251 748 299 526 747 112 247 745 115 521 663 946 178 924 891 1 799 678 302 334 330 786 939 0 502 59 894 535 184 114 685 789 940 589 281 911 75 881 725 584 602 281 596 415 995 285 945 653 87 558 925 716 102 437 509 941 348 464 827 596 198 173 974 187 29 81 804 24 981 222 327 81 794 241 393 533 756 511 73 905 323 889 637 158 386 800 23 733 9 416 898 195 787 779 79 75 579 
492 159 966 390 691 242 557 854 571 619 86 213 204 424 409 940 418 525 137 122 914 951 665 772 811 729 606 520 849 550 368 359 529 12 586 555 331 399 73 172 491 477 378 461 632 905 166 984 216 93 470 502 0 264 661 937 769 41 439 259 399 51 214 50 476 247 962 494 940 942 570 932 55 874 881 745 392 810 632 106 689 185 455 679 537 892 33 173 856 909 697 485 976 425 631 53 840 150 545 164 677 889 750 507 628 905 997 842 741 409 450 209 157 136 814 644 50 804 897 301 687 210 992 698 392 
593 581 385 964 506 851 632 948 805 254 329 788 943 966 168 590 26 41 977 199 295 53 170 502 720 605 258 453 838 989 99 469 620 766 676 329 625 603 411 40 602 463 862 856 954 38 654 999 973 138 287 59 264 0 767 947 533 84 804 615 586 313 617 581 256 690 543 501 811 342 151 41 209 706 881 631 240 928 624 590 673 123 86 426 712 133 345 593 606 167 189 11 401 898 66 577 994 389 8 908 966 121 316 155 628 700 323 322 772 267 766 700 407 988 363 628 408 879 279 675 33 745 645 4 510 
707 836 104 393 985 232 30 977 485 454 620 113 518 596 899 495 552 802 248 780 244 809 810 521 628 705 261 537 40 129 617 525 231 1 928 108 10 989 966 349 812 539 392 79 296 369 644 470 224 858 80 894 661 767 0 748 811 839 628 438 486 756 996 814 849 659 565 318 813 381 196 185 443 32 642 233 650 806 810 225 650 88 819 531 827 285 499 502 596 422 709 938 536 878 503 363 547 658 373 785 840 191 284 736 107 403 232 954 421 621 463 246 538 412 331 717 344 493 715 738 965 963 637 32 790 
266 760 938 468 17 505 790 638 131 784 752 268 606 338 788 50 675 683 528 737 401 623 420 298 131 429 428 677 905 199 310 576 377 634 934 486 197 408 305 780 328 326 856 468 905 557 532 940 592 421 85 535 937 947 748 0 871 809 272 788 639 746 502 610 571 217 590 851 984 709 37 108 711 558 545 643 440 237 143 725 67 515 962 136 931 946 611 110 691 620 438 696 273 869 343 135 420 776 652 655 281 29 488 397 62 278 961 844 489 252 994 435 825 843 820 360 785 690 558 638 567 91 898 928 877 
619 218 728 176 907 544 350 66 332 972 468 774 524 287 271 623 231 204 551 305 397 537 725 399 539 115 952 653 288 978 412 832 446 341 740 901 801 446 144 327 228 273 910 291 596 228 267 629 920 676 875 184 769 533 811 871 0 377 623 519 547 511 716 857 401 320 701 876 901 298 982 963 557 703 628 103 473 601 509 396 302 77 735 880 762 663 315 84 527 542 544 54 710 46 523 743 787 366 165 569 943 995 975 403 999 205 483 963 615 940 977 804 150 522 28 318 960 509 340 516 972 742 136 781 454 
110 264 650 961 350 354 516 162 96 77 379 403 194 771 961 652 576 653 435 559 615 241 116 660 121 182 682 582 197 286 91 527 164 807 414 112 328 531 156 96 128 799 190 989 378 935 343 444 834 954 216 114 41 84 839 809 377 0 206 319 904 267 779 803 48 91 209 86 641 810 567 209 14 46 381 827 897 525 573 552 194 714 791 78 555 355 502 894 766 140 645 167 531 610 173 547 877 98 90 880 86 24 809 902 337 907 343 768 484 403 975 906 179 774 836 329 603 188 241 723 809 370 962 928 746 
128 513 842 206 420 593 744 40 936 974 982 53 659 158 481 600 344 914 382 879 480 800 517 456 980 629 164 639 61 368 486 807 643 692 924 851 175 274 401 269 599 306 207 808 262 530 791 978 941 143 197 685 439 804 628 272 623 206 0 611 182 716 456 13 824 385 468 102 434 783 218 817 561 580 926 162 785 251 893 803 89 231 413 9 441 466 510 610 446 859 807 27 989 828 895 166 255 4 46 248 826 743 587 63 789 218 392 572 160 411 458 370 353 192 541 659 541 758 288 582 822 913 8 570 179 
664 90 924 165 199 798 20 168 60 359 381 534 392 950 466 688 3 55 752 993 645 62 25 176 371 694 900 205 81 848 497 788 522 941 468 30 45 305 780 171 911 581 556 35 142 477 537 637 802 755 16 789 259 615 438 788 519 319 611 0 986 412 463 180 908 524 939 806 857 306 326 327 751 879 332 392 844 295 376 619 432 526 497 246 338 585 163 194 905 316 297 71 248 203 96 734 977 579 276 6 567 137 461 1 414 365 782 882 55 220 941 627 744 254 827 889 563 122 725 460 392 816 914 476 762 
177 474 268 568 242 522 211 317 589 739 193 800 864 487 210 825 28 532 324 508 799 659 458 622 418 504 761 219 355 762 699 980 949 953 702 624 848 354 814 919 32 365 558 463 772 417 542 652 465 805 487 940 399 586 486 639 547 904 182 986 0 830 53 312 424 924 757 235 816 813 128 274 14 748 611 105 370 103 158 680 69 277 241 674 805 164 58 833 130 684 574 524 601 540 416 510 64 879 966 489 499 751 728 951 289 867 436 988 211 743 741 95 959 357 854 615 882 331 96 625 866 4 667 536 201 
766 140 106 657 379 741 347 940 501 806 385 97 592 80 299 932 902 920 738 872 995 398 979 817 989 306 247 32 874 748 696 491 932 866 157 438 783 753 117 237 623 505 803 852 364 594 107 331 672 156 437 589 51 313 756 746 511 267 716 412 830 0 719 203 504 716 227 986 929 652 214 969 47 564 202 208 780 358 733 269 113 69 292 757 591 830 772 562 891 72 35 271 479 955 465 136 516 211 958 881 203 670 224 754 370 705 840 82 487 191 667 55 445 872 42 723 444 99 102 17 566 227 534 578 233 
472 517 262 234 454 754 782 412 467 876 632 755 556 254 85 132 233 362 604 710 298 194 800 496 614 681 313 989 390 133 773 564 20 730 416 144 418 768 323 444 694 170 300 842 159 86 99 527 26 104 948 281 214 617 996 502 716 779 456 463 53 719 0 184 256 481 904 843 175 801 963 317 441 164 114 542 933 17 183 496 736 456 588 161 647 397 390 640 20 544 464 451 316 28 638 982 489 375 497 39 373 780 989 300 375 351 252 600 602 637 857 53 347 43 458 310 48 564 66 160 128 427 86 692 132 
23 225 562 478 675 900 936 669 964 37 306 815 708 810 923 95 931 271 832 273 687 196 942 44 543 285 843 240 696 686 540 622 324 186 217 714 81 941 753 294 47 628 34 251 857 914 31 508 233 176 508 911 50 581 814 610 857 803 13 180 312 203 184 0 251 762 449 282 831 806 540 646 58 565 949 948 356 955 384 903 754 913 617 872 244 637 207 451 137 679 721 559 772 774 581 177 601 465 154 28 597 62 353 819 34 878 494 870 847 513 186 945 773 676 531 957 924 25 306 43 923 650 410 585 522 
224 896 991 555 170 480 582 892 152 325 611 763 459 326 264 302 682 803 904 524 550 516 569 113 129 546 196 988 986 843 432 349 301 435 672 445 239 518 9 597 870 692 102 634 705 767 289 994 343 879 42 75 476 256 849 571 401 48 824 908 424 504 256 251 0 681 855 221 940 26 202 939 876 796 122 930 405 634 745 141 198 736 384 168 788 464 379 346 511 503 301 174 527 268 284 186 38 108 146 406 898 206 190 716 799 172 317 24 776 557 66 522 978 198 493 956 936 302 307 392 383 771 869 946 470 
402 588 38 85 546 929 444 648 192 882 336 570 529 849 83 828 271 657 93 54 900 985 625 310 565 340 668 571 189 921 328 217 148 842 91 690 746 926 429 302 730 16 953 878 285 848 293 369 472 989 792 881 247 690 659 217 320 91 385 524 924 716 481 762 681 0 864 408 194 84 100 722 846 24 818 736 337 287 289 14 972 122 524 831 334 248 562 541 608 513 783 976 216 635 806 606 387 347 682 423 744 166 625 868 777 791 693 67 60 598 398 435 815 784 981 45 83 638 656 773 502 140 103 354 531 
394 105 229 275 530 313 118 907 219 465 558 88 396 490 344 665 289 53 5 816 129 651 356 37 595 155 507 286 823 107 792 116 332 91 708 427 160 203 466 105 296 807 971 200 906 20 271 368 541 279 89 725 962 543 565 590 701 209 468 939 757 227 904 449 855 864 0 781 317 243 24 973 818 112 719 214 663 708 822 214 406 311 241 286 761 261 634 913 14 831 333 871 67 688 614 119 794 753 730 538 746 301 575 984 290 623 253 701 76 64 622 707 580 448 763 616 829 488 386 284 614 894 245 799 593 
498 498 462 46 315 658 71 394 443 725 5 28 159 949 772 903 229 909 857 487 765 285 561 855 944 125 84 927 369 100 360 482 133 511 492 672 170 586 853 133 612 385 775 417 383 666 77 906 445 118 65 584 494 501 318 851 876 86 102 806 235 986 843 282 221 408 781 0 120 300 153 615 28 614 936 253 525 242 731 731 924 243 113 145 163 847 667 596 194 526 660 968 70 348 726 601 129 835 202 131 476 303 84 57 761 733 251 296 942 245 806 391 454 198 636 787 581 208 253 969 503 895 880 663 226 
865 896 172 615 9 461 758 910 223 874 934 464 471 971 430 855 625 589 510 393 797 191 267 236 740 160 711 994 761 61 893 209 723 290 499 718 845 901 713 243 399 201 54 612 806 99 113 346 743 146 256 602 940 811 813 984 901 641 434 857 816 929 175 831 940 194 317 120 0 966 662 619 353 852 909 74 590 271 742 295 826 424 202 104 648 569 991 955 128 485 834 39 901 638 142 873 789 267 308 809 457 242 857 235 417 819 644 705 317 623 983 305 590 274 850 732 356 817 309 577 471 985 888 397 302 
512 994 644 342 223 545 517 701 475 310 436 403 796 52 232 578 116 952 57 724 100 75 31 195 601 514 570 163 726 108 972 714 916 250 576 192 602 584 308 413 827 976 199 209 278 425 840 704 138 800 808 281 942 342 381 709 298 810 783 306 813 652 801 806 26 84 243 300 966 0 651 996 685 322 416 797 609 491 66 157 318 702 193 674 706 191 390 956 242 269 687 48 797 674 603 978 161 699 791 874 680 738 520 211 679 595 275 298 256 768 164 659 655 923 742 436 925 626 768 210 225 553 966 641 887 
585 550 669 201 72 25 546 739 277 137 661 84 716 714 317 536 385 118 801 202 113 833 673 846 736 461 679 696 118 817 550 578 612 962 249 396 837 17 323 427 289 980 847 908 920 651 220 507 623 622 122 596 570 151 196 37 982 567 218 326 128 214 963 540 202 100 24 153 662 651 0 557 575 109 77 676 437 333 330 363 165 823 480 159 317 590 382 988 125 928 174 733 184 468 519 519 790 510 123 849 595 240 585 882 152 975 105 662 359 220 101 895 918 26 125 526 958 260 468 927 245 940 924 448 163 
599 25 584 938 405 655 181 720 478 906 424 228 478 122 670 765 26 574 336 946 806 956 269 644 438 426 831 669 170 658 26 163 77 209 639 568 580 480 824 984 755 575 724 843 476 831 72 219 497 125 597 415 932 41 185 108 963 209 817 327 274 969 317 646 939 722 973 615 619 996 557 0 793 115 297 35 489 752 457 795 498 65 441 756 883 346 968 859 243 855 782 102 731 403 195 588 660 104 273 510 936 661 549 361 995 628 987 366 428 417 666 408 647 924 371 922 828 565 849 21 110 489 998 489 215 
237 258 892 209 469 230 156 1000 228 825 808 111 308 917 733 640 623 655 807 653 942 907 410 756 546 86 361 167 319 575 865 320 556 673 976 105 45 132 953 65 481 484 704 189 256 699 478 82 30 174 199 995 55 209 443 711 557 14 561 751 14 47 441 58 876 846 818 28 353 685 575 793 0 597 71 641 85 188 774 619 552 997 124 799 449 856 520 658 956 9 318 377 661 686 526 275 41 147 289 278 673 436 79 108 363 169 920 657 645 422 152 330 785 997 346 449 494 208 470 552 965 295 413 336 349 
677 115 233 566 423 858 450 244 531 137 610 876 126 583 616 231 948 888 133 453 441 31 456 703 500 602 694 673 896 791 838 954 168 61 514 78 521 830 147 218 610 684 646 240 990 694 309 48 606 34 584 285 874 706 32 558 703 46 580 879 748 564 164 565 796 24 112 614 852 322 109 115 597 0 286 565 335 359 379 508 207 508 414 188 883 389 492 190 84 655 436 305 184 560 305 110 515 628 184 146 874 384 827 883 853 862 496 164 890 85 804 912 560 215 607 608 561 301 864 669 621 363 130 993 684 
423 206 48 769 324 864 209 228 509 801 399 922 127 468 844 323 20 270 551 322 993 217 317 438 816 26 317 734 5 379 35 367 660 234 850 959 573 935 708 108 931 563 418 683 365 755 175 10 180 224 795 945 881 881 642 545 628 381 926 332 611 202 114 949 122 818 719 936 909 416 77 297 71 286 0 235 949 492 818 450 845 909 298 582 466 275 186 70 653 896 913 134 730 398 862 234 722 958 292 308 416 676 252 479 578 538 374 946 951 637 465 365 987 695 948 378 480 39 548 103 791 977 632 362 974 
604 895 932 76 807 825 427 850 488 784 669 567 757 638 498 446 292 211 586 696 718 810 97 694 979 439 196 12 59 399 28 306 933 652 991 303 974 615 59 636 949 335 323 797 531 58 391 634 357 662 963 653 745 631 233 643 103 827 162 392 105 208 542 948 930 736 214 253 74 797 676 35 641 565 235 0 468 885 621 706 7 791 185 3 548 313 323 950 185 213 734 903 443 648 49 764 662 944 619 930 586 372 790 756 273 906 465 888 281 325 785 75 645 982 512 769 766 870 784 821 532 724 449 881 153 
760 976 20 610 314 101 551 218 704 116 114 431 420 121 686 607 39 4 962 534 429 518 733 56 954 953 756 240 788 640 259 179 454 710 434 736 901 259 498 774 550 528 115 929 775 116 652 611 993 728 117 87 392 240 650 440 473 897 785 844 370 780 933 356 405 337 663 525 590 609 437 489 85 335 949 468 0 392 312 290 177 150 846 389 916 478 554 116 467 22 497 182 664 343 10 762 411 293 312 652 614 768 297 116 141 302 573 268 297 896 661 269 370 607 926 288 643 910 871 713 95 80 509 84 871 
172 576 276 44 520 773 652 907 839 524 894 620 11 644 63 237 9 831 952 663 962 282 47 12 289 78 335 259 708 787 438 160 644 905 668 435 621 365 317 690 696 940 764 961 691 451 311 889 618 554 212 558 810 928 806 237 601 525 251 295 103 358 17 955 634 287 708 242 271 491 333 752 188 359 492 885 392 0 234 258 548 854 637 326 62 789 637 696 499 956 791 215 510 937 57 667 949 311 720 313 471 581 552 539 923 623 232 618 557 192 918 883 198 176 93 477 584 310 949 3 286 118 864 110 238 
670 88 221 218 956 175 819 28 181 968 18 667 618 450 105 808 454 711 464 126 140 64 118 656 153 782 991 865 441 133 753 746 207 692 712 259 241 818 57 807 457 769 43 92 415 137 215 881 42 545 13 925 632 624 810 143 509 573 893 376 158 733 183 384 745 289 822 731 742 66 330 457 774 379 818 621 312 234 0 659 223 870 192 209 915 564 159 471 653 502 929 256 802 805 45 82 935 417 508 291 264 97 910 73 751 637 705 925 824 119 646 764 853 197 246 824 853 976 801 11 942 283 998 68 603 
264 54 103 998 855 46 205 785 936 261 632 845 664 212 470 114 651 317 813 58 84 630 704 814 188 84 482 933 266 586 500 514 385 756 349 512 758 616 125 327 564 849 721 789 345 461 924 539 890 823 324 716 106 590 225 725 396 552 803 619 680 269 496 903 141 14 214 731 295 157 363 795 619 508 450 706 290 258 659 0 897 29 584 408 592 744 136 538 345 442 544 380 517 772 413 202 296 392 772 286 219 756 713 51 417 743 493 619 697 134 11 801 411 307 621 610 681 628 141 14 899 17 610 19 72 
