9 2 3
8 4 
5 10 9 9 7 5 
0 17 18 13 5 18 9 12 8 
17 0 17 11 5 15 8 2 11 
18 17 0 15 3 19 12 7 18 
13 11 15 0 2 4 13 18 8 
5 5 3 2 0 4 19 7 10 
18 15 19 4 4 0 1 18 9 
9 8 12 13 19 1 0 3 20 
12 2 7 18 7 18 3 0 3 
8 11 18 8 10 9 20 3 0 
0 0 0 0 0 0 0 0 0 
0 0 0 0 0 0 0 0 0 
0 0 0 0 0 0 0 0 0 
0 0 0 0 0 0 0 0 0 
0 0 0 0 0 0 0 0 0 
0 0 0 0 0 0 0 0 0 
0 0 0 0 0 0 0 0 0 
0 0 0 0 0 0 0 0 0 
0 0 0 0 0 0 0 0 0 
