x=1.500000 cos(1.500000)=0.070737
x=2.300000 cos(2.300000)=-0.666276
x=4.000000 cos(4.000000)=-0.653644
x=0.000000 cos(0.000000)=1.000000
