x=0.87400 s=2.07147
x=-0.99200 s=-0.68914
x=-0.23200 s=-0.20864
x=0.12340 s=0.13170
