x=0.23200 s=0.26397
x=0.98200 s=4.01738
x=-0.12400 s=-0.11689
x=0.00000 s=0.00000
